01/04/2024 11:27:19
1000021

06/05/2024 12:36:58
1000022
1000024
1000025
1000026
1000027
1000028

06/05/2024 14:37:36
1000029
1000031
1000034
1000037
1000040
1000042
1000043
1000046
1000047
1000050
1000053
1000056
1000059
1000062
1000064
1000067
1000070
1000071

07/05/2024 09:51:37
1000072
1000074
1000077
1000079
1000080
1000082
1000084
1000086
1000088

07/05/2024 14:55:12
1000089
1000090
1000091
1000093

08/05/2024 15:03:17
1000095
1000096
1000098
1000101
1000102
1000105

08/05/2024 15:13:38
1000108
1000110
1000111
1000113
1000116
1000117
1000119
1000121
1000122

08/05/2024 15:26:08
1000125
1000127
1000130
1000132
1000133
1000134
1000136
1000139
1000142
1000144

11/05/2024 14:11:10
1000146
1000148
1000151
1000152
1000154
1000155
1000157
1000158
